Used features details and secondary info: 
 
NAP1L mRNA ['GeneID:4673', 'HGNC:HGNC:7637', 'MIM:164060']
5` intron end location:[467, 10831, 24896, 25236, 29001, 30015, 31264, 31829, 31943, 34503, 35278, 35834, 36641, 40289]
3` intron end location:[0, 10794, 24754, 25155, 28872, 29943, 31124, 31683, 31923, 34380, 35248, 35783, 36569, 37315]
 
ZMYM3 mRNA ['GeneID:9203', 'HGNC:HGNC:13054', 'MIM:300061']
5` intron end location:[730, 2609, 3640, 4020, 4766, 5172, 5737, 6179, 6512, 6760, 7036, 7464, 7853, 8567, 8845, 9212, 9530, 9859, 10408, 10896, 11369, 12228, 13028, 13971, 15574]
3` intron end location:[0, 1923, 3596, 3953, 4471, 4994, 5518, 6028, 6396, 6673, 6885, 7291, 7687, 8505, 8685, 9099, 9355, 9712, 10304, 10727, 11217, 12113, 12773, 13853, 14089]
 
PCIF1 mRNA ['GeneID:63935', 'HGNC:HGNC:16200']
5` intron end location:[131, 2912, 4450, 4666, 5939, 6266, 6534, 8571, 8750, 9092, 10357, 11210, 11442, 11711, 12493, 12765, 13350]
3` intron end location:[4, 2744, 4307, 4541, 5801, 6135, 6379, 8423, 8666, 8992, 10194, 11037, 11355, 11526, 12399, 12589, 12850]
 
CSTF3 mRNA ['GeneID:1479', 'HGNC:HGNC:2485', 'MIM:600367']
5` intron end location:[193, 19607, 19825, 53106, 53589, 55494, 55609, 55925, 58385, 59315, 61884, 62458, 62802, 64657, 65186, 69221, 70960, 74504, 75597, 75779, 76908]
3` intron end location:[0, 19505, 19729, 53073, 53491, 55427, 55574, 55798, 58307, 59152, 61774, 62341, 62727, 64513, 65083, 69151, 70764, 74350, 75502, 75718, 76202]
 
GART mRNA ['GeneID:2618', 'HGNC:HGNC:4163', 'MIM:138440']
5` intron end location:[233, 3722, 7668, 8314, 10548, 11404, 12134, 14043, 14374, 14726, 18124, 20705, 21987, 22529, 25536, 25904, 31641, 33110, 36919, 37332, 38481, 38962]
3` intron end location:[0, 3536, 7572, 8139, 10436, 11335, 12008, 13955, 14288, 14557, 17892, 20610, 21877, 22330, 25284, 25751, 31434, 32972, 36788, 37190, 38365, 38577]
 
